#reader(lib"read.ss""wxme")WXME0108 ## 
#|
   This file uses the GRacket editor format.
   Open this file in DrRacket version 6.12 or later to read it.

   Most likely, it was created by saving a program in DrRacket,
   and it probably contains a program with non-text elements
   (such as images or comment boxes).

            http://racket-lang.org/
|#
 33 7 #"wxtext\0"
3 1 6 #"wxtab\0"
1 1 8 #"wximage\0"
2 0 8 #"wxmedia\0"
4 1 34 #"(lib \"syntax-browser.ss\" \"mrlib\")\0"
1 0 36 #"(lib \"cache-image-snip.ss\" \"mrlib\")\0"
1 0 68
(
 #"((lib \"image-core.ss\" \"mrlib\") (lib \"image-core-wxme.rkt\" \"mr"
 #"lib\"))\0"
) 1 0 16 #"drscheme:number\0"
3 0 44 #"(lib \"number-snip.ss\" \"drscheme\" \"private\")\0"
1 0 36 #"(lib \"comment-snip.ss\" \"framework\")\0"
1 0 93
(
 #"((lib \"collapsed-snipclass.ss\" \"framework\") (lib \"collapsed-sni"
 #"pclass-wxme.ss\" \"framework\"))\0"
) 0 0 43 #"(lib \"collapsed-snipclass.ss\" \"framework\")\0"
0 0 19 #"drscheme:sexp-snip\0"
0 0 29 #"drscheme:bindings-snipclass%\0"
1 0 101
(
 #"((lib \"ellipsis-snip.rkt\" \"drracket\" \"private\") (lib \"ellipsi"
 #"s-snip-wxme.rkt\" \"drracket\" \"private\"))\0"
) 2 0 88
(
 #"((lib \"pict-snip.rkt\" \"drracket\" \"private\") (lib \"pict-snip.r"
 #"kt\" \"drracket\" \"private\"))\0"
) 0 0 55
#"((lib \"snip.rkt\" \"pict\") (lib \"snip-wxme.rkt\" \"pict\"))\0"
1 0 34 #"(lib \"bullet-snip.rkt\" \"browser\")\0"
0 0 25 #"(lib \"matrix.ss\" \"htdp\")\0"
1 0 22 #"drscheme:lambda-snip%\0"
1 0 29 #"drclickable-string-snipclass\0"
0 0 26 #"drracket:spacer-snipclass\0"
0 0 57
#"(lib \"hrule-snip.rkt\" \"macro-debugger\" \"syntax-browser\")\0"
1 0 26 #"drscheme:pict-value-snip%\0"
0 0 45 #"(lib \"image-snipr.ss\" \"slideshow\" \"private\")\0"
1 0 38 #"(lib \"pict-snipclass.ss\" \"slideshow\")\0"
2 0 55 #"(lib \"vertical-separator-snip.ss\" \"stepper\" \"private\")\0"
1 0 18 #"drscheme:xml-snip\0"
1 0 31 #"(lib \"xml-snipclass.ss\" \"xml\")\0"
1 0 21 #"drscheme:scheme-snip\0"
2 0 34 #"(lib \"scheme-snipclass.ss\" \"xml\")\0"
1 0 10 #"text-box%\0"
1 0 32 #"(lib \"text-snipclass.ss\" \"xml\")\0"
1 0 1 6 #"wxloc\0"
          0 0 71 0 1 #"\0"
0 75 1 #"\0"
0 12 90 -1 90 -1 3 -1 0 1 0 1 0 0 0 0 0 0 0 0 0 0 0 255 255 255 1 -1 0 9
#"Standard\0"
0 75 10 #"Monospace\0"
0 11 90 -1 90 -1 3 -1 0 1 0 1 0 0 0 0 0 0 0 0 0 0 0 255 255 255 1 -1 2 1
#"\0"
0 -1 1 #"\0"
1 0 -1 -1 -1 -1 -1 -1 0 0 0 0 0 0 1 1 1 1 1 1 0 0 0 0 0 0 -1 -1 2 24
#"framework:default-color\0"
0 -1 1 #"\0"
1 0 -1 -1 -1 -1 -1 -1 0 0 0 0 0 0 0 0 0 1 1 1 0 0 0 0 0 0 -1 -1 2 1
#"\0"
0 -1 1 #"\0"
1 0 -1 -1 -1 -1 -1 -1 0 0 0 0 0 0 0 0 0 1 1 1 150 0 150 0 0 0 -1 -1 2 15
#"text:ports out\0"
0 -1 1 #"\0"
1 0 -1 -1 -1 93 -1 -1 0 1 0 0 0 0 0 0 0 1 1 1 150 0 150 0 0 0 -1 -1 2 1
#"\0"
0 -1 1 #"\0"
1.0 0 -1 -1 93 -1 -1 -1 0 0 0 0 0 0 0 0 0 1.0 1.0 1.0 255 0 0 0 0 0 -1
-1 2 15 #"text:ports err\0"
0 -1 1 #"\0"
1 0 -1 -1 93 -1 -1 -1 0 1 0 0 0 0 0 0 0 1 1 1 255 0 0 0 0 0 -1 -1 2 1
#"\0"
0 -1 1 #"\0"
1 0 -1 -1 -1 -1 -1 -1 0 0 0 0 0 0 0 0 0 1 1 1 0 0 175 0 0 0 -1 -1 2 17
#"text:ports value\0"
0 -1 1 #"\0"
1 0 -1 -1 -1 93 -1 -1 0 1 0 0 0 0 0 0 0 1 1 1 0 0 175 0 0 0 -1 -1 2 1
#"\0"
0 -1 1 #"\0"
1.0 0 92 -1 -1 -1 -1 -1 0 0 0 0 0 0 0 0 0 1.0 1.0 1.0 34 139 34 0 0 0 -1
-1 2 27 #"Matching Parenthesis Style\0"
0 -1 1 #"\0"
1.0 0 92 -1 -1 -1 -1 -1 0 0 0 0 0 0 0 0 0 1.0 1.0 1.0 34 139 34 0 0 0 -1
-1 2 1 #"\0"
0 -1 1 #"\0"
1 0 -1 -1 -1 93 -1 -1 0 1 0 0 0 0 0 0 0 1 1 1 38 38 128 0 0 0 -1 -1 2 37
#"framework:syntax-color:scheme:symbol\0"
0 -1 1 #"\0"
1 0 -1 -1 -1 93 -1 -1 0 1 0 0 0 0 0 0 0 1 1 1 38 38 128 0 0 0 -1 -1 2 38
#"framework:syntax-color:scheme:keyword\0"
0 -1 1 #"\0"
1 0 -1 -1 -1 93 -1 -1 0 1 0 0 0 0 0 0 0 1 1 1 38 38 128 0 0 0 -1 -1 2 1
#"\0"
0 -1 1 #"\0"
1 0 -1 -1 -1 93 -1 -1 0 1 0 0 0 0 0 0 0 1 1 1 194 116 31 0 0 0 -1 -1 2
38 #"framework:syntax-color:scheme:comment\0"
0 -1 1 #"\0"
1 0 -1 -1 -1 93 -1 -1 0 1 0 0 0 0 0 0 0 1 1 1 194 116 31 0 0 0 -1 -1 2 1
#"\0"
0 -1 1 #"\0"
1 0 -1 -1 -1 93 -1 -1 0 1 0 0 0 0 0 0 0 1 1 1 41 128 38 0 0 0 -1 -1 2 37
#"framework:syntax-color:scheme:string\0"
0 -1 1 #"\0"
1 0 -1 -1 -1 93 -1 -1 0 1 0 0 0 0 0 0 0 1 1 1 41 128 38 0 0 0 -1 -1 2 35
#"framework:syntax-color:scheme:text\0"
0 -1 1 #"\0"
1 0 -1 -1 -1 93 -1 -1 0 1 0 0 0 0 0 0 0 1 1 1 41 128 38 0 0 0 -1 -1 2 39
#"framework:syntax-color:scheme:constant\0"
0 -1 1 #"\0"
1 0 -1 -1 -1 93 -1 -1 0 1 0 0 0 0 0 0 0 1 1 1 41 128 38 0 0 0 -1 -1 2 1
#"\0"
0 -1 1 #"\0"
1 0 -1 -1 -1 93 -1 -1 0 1 0 0 0 0 0 0 0 1 1 1 132 60 36 0 0 0 -1 -1 2 49
#"framework:syntax-color:scheme:hash-colon-keyword\0"
0 -1 1 #"\0"
1 0 -1 -1 -1 93 -1 -1 0 1 0 0 0 0 0 0 0 1 1 1 132 60 36 0 0 0 -1 -1 2 42
#"framework:syntax-color:scheme:parenthesis\0"
0 -1 1 #"\0"
1 0 -1 -1 -1 93 -1 -1 0 1 0 0 0 0 0 0 0 1 1 1 132 60 36 0 0 0 -1 -1 2 1
#"\0"
0 -1 1 #"\0"
1 0 -1 -1 -1 93 -1 -1 0 1 0 0 0 0 0 0 0 1 1 1 255 0 0 0 0 0 -1 -1 2 36
#"framework:syntax-color:scheme:error\0"
0 -1 1 #"\0"
1 0 -1 -1 -1 93 -1 -1 0 1 0 0 0 0 0 0 0 1 1 1 255 0 0 0 0 0 -1 -1 2 1
#"\0"
0 -1 1 #"\0"
1 0 -1 -1 -1 93 -1 -1 0 1 0 0 0 0 0 0 0 1 1 1 0 0 0 0 0 0 -1 -1 2 36
#"framework:syntax-color:scheme:other\0"
0 -1 1 #"\0"
1 0 -1 -1 -1 93 -1 -1 0 1 0 0 0 0 0 0 0 1 1 1 0 0 0 0 0 0 -1 -1 2 16
#"Misspelled Text\0"
0 -1 1 #"\0"
1 0 -1 -1 -1 -1 -1 -1 0 0 0 0 0 0 0 0 0 1 1 1 0 0 0 0 0 0 -1 -1 2 1
#"\0"
0 -1 1 #"\0"
1 0 -1 -1 -1 93 -1 -1 0 1 0 0 0 0 0 0 0 1 1 1 81 112 203 0 0 0 -1 -1 2
38 #"drracket:check-syntax:lexically-bound\0"
0 -1 1 #"\0"
1 0 -1 -1 -1 93 -1 -1 0 1 0 0 0 0 0 0 0 1 1 1 81 112 203 0 0 0 -1 -1 2 1
#"\0"
0 -1 1 #"\0"
1 0 -1 -1 -1 93 -1 -1 0 1 0 0 0 0 0 0 0 1 1 1 178 34 34 0 0 0 -1 -1 2 28
#"drracket:check-syntax:set!d\0"
0 -1 1 #"\0"
1 0 -1 -1 -1 93 -1 -1 0 1 0 0 0 0 0 0 0 1 1 1 178 34 34 0 0 0 -1 -1 2 37
#"drracket:check-syntax:unused-require\0"
0 -1 1 #"\0"
1 0 -1 -1 -1 93 -1 -1 0 1 0 0 0 0 0 0 0 1 1 1 255 0 0 0 0 0 -1 -1 2 36
#"drracket:check-syntax:free-variable\0"
0 -1 1 #"\0"
1 0 -1 -1 -1 93 -1 -1 0 1 0 0 0 0 0 0 0 1 1 1 255 0 0 0 0 0 -1 -1 2 1
#"\0"
0 -1 1 #"\0"
1 0 -1 -1 -1 93 -1 -1 0 1 0 0 0 0 0 0 0 1 1 1 68 0 203 0 0 0 -1 -1 2 31
#"drracket:check-syntax:imported\0"
0 -1 1 #"\0"
1 0 -1 -1 -1 93 -1 -1 0 1 0 0 0 0 0 0 0 1 1 1 68 0 203 0 0 0 -1 -1 2 47
#"drracket:check-syntax:my-obligation-style-pref\0"
0 -1 1 #"\0"
1 0 -1 -1 -1 93 -1 -1 0 1 0 0 0 0 0 0 0 1 1 1 178 34 34 0 0 0 -1 -1 2 1
#"\0"
0 -1 1 #"\0"
1 0 -1 -1 -1 93 -1 -1 0 1 0 0 0 0 0 0 0 1 1 1 0 116 0 0 0 0 -1 -1 2 50
#"drracket:check-syntax:their-obligation-style-pref\0"
0 -1 1 #"\0"
1 0 -1 -1 -1 93 -1 -1 0 1 0 0 0 0 0 0 0 1 1 1 0 116 0 0 0 0 -1 -1 2 48
#"drracket:check-syntax:unk-obligation-style-pref\0"
0 -1 1 #"\0"
1 0 -1 -1 -1 93 -1 -1 0 1 0 0 0 0 0 0 0 1 1 1 0 0 0 0 0 0 -1 -1 2 1
#"\0"
0 -1 1 #"\0"
1 0 -1 -1 -1 93 -1 -1 0 1 0 0 0 0 0 0 0 1 1 1 139 142 28 0 0 0 -1 -1 2
49 #"drracket:check-syntax:both-obligation-style-pref\0"
0 -1 1 #"\0"
1 0 -1 -1 -1 93 -1 -1 0 1 0 0 0 0 0 0 0 1 1 1 139 142 28 0 0 0 -1 -1 2
26 #"plt:htdp:test-coverage-on\0"
0 -1 1 #"\0"
1 0 -1 -1 -1 93 -1 -1 0 1 0 0 0 0 0 0 0 1 1 1 0 0 0 0 0 0 -1 -1 2 1
#"\0"
0 -1 1 #"\0"
1 0 -1 -1 -1 93 -1 -1 0 1 0 0 0 1 0 0 0 0 0 0 255 165 0 0 0 0 -1 -1 2 27
#"plt:htdp:test-coverage-off\0"
0 -1 1 #"\0"
1 0 90 -1 90 -1 -1 -1 0 1 0 0 0 1 0.0 0.0 0.0 0 0 0 0 0 0 232 234 235 -1
-1 4 1 #"\0"
0 70 1 #"\0"
1.0 0 -1 -1 -1 -1 -1 -1 0 0 0 0 0 0 1.0 1.0 1.0 1.0 1.0 1.0 0 0 0 0 0 0
-1 -1 4 4 #"XML\0"
0 70 1 #"\0"
1.0 0 -1 -1 -1 -1 -1 -1 0 0 0 0 0 0 1.0 1.0 1.0 1.0 1.0 1.0 0 0 0 0 0 0
-1 -1 2 37 #"plt:module-language:test-coverage-on\0"
0 -1 1 #"\0"
1 0 -1 -1 -1 93 -1 -1 0 1 0 0 0 0 0 0 0 1 1 1 0 0 0 0 0 0 -1 -1 2 38
#"plt:module-language:test-coverage-off\0"
0 -1 1 #"\0"
1 0 -1 -1 -1 93 -1 -1 0 1 0 0 0 1 0 0 0 0 0 0 255 165 0 0 0 0 -1 -1 4 1
#"\0"
0 71 1 #"\0"
1.0 0 -1 -1 -1 -1 -1 -1 0 0 0 0 0 0 1.0 1.0 1.0 1.0 1.0 1.0 0 0 0 0 0 0
-1 -1 4 1 #"\0"
0 -1 1 #"\0"
1.0 0 -1 -1 -1 -1 -1 -1 1 0 0 0 0 0 0 0 0 1.0 1.0 1.0 0 0 255 0 0 0 -1
-1 4 1 #"\0"
0 71 1 #"\0"
1.0 0 -1 -1 -1 -1 -1 -1 1 0 0 0 0 0 0 0 0 1.0 1.0 1.0 0 0 255 0 0 0 -1
-1 4 1 #"\0"
0 71 1 #"\0"
1.0 0 -1 -1 -1 -1 -1 -1 0 0 0 0 0 0 0 0 0 1.0 1.0 1.0 0 100 0 0 0 0 -1
-1 0 1 #"\0"
0 75 10 #"Monospace\0"
0.0 11 90 -1 90 -1 3 -1 0 1 0 1 0 0 0.0 0.0 0.0 0.0 0.0 0.0 0 0 0 255
255 255 1 -1 2 1 #"\0"
0 -1 1 #"\0"
1.0 0 -1 -1 -1 -1 -1 -1 0 0 0 0 0 0 0.0 0.0 0.0 1.0 1.0 1.0 0 0 0 0 0 0
-1 -1 2 1 #"\0"
0 -1 1 #"\0"
1.0 0 -1 -1 -1 93 -1 -1 0 1 0 0 0 0 0.0 0.0 0.0 1.0 1.0 1.0 150 0 150 0
0 0 -1 -1 2 1 #"\0"
0 -1 1 #"\0"
1.0 0 -1 -1 93 -1 -1 -1 0 1 0 0 0 0 0.0 0.0 0.0 1.0 1.0 1.0 255 0 0 0 0
0 -1 -1 2 1 #"\0"
0 -1 1 #"\0"
1.0 0 -1 -1 -1 93 -1 -1 0 1 0 0 0 0 0.0 0.0 0.0 1.0 1.0 1.0 0 0 175 0 0
0 -1 -1 4 1 #"\0"
0 -1 1 #"\0"
1.0 0 -1 -1 -1 -1 -1 -1 0 0 0 0 1 0 0.0 0.0 0.0 0.0 0.0 0.0 0 0 0 255
255 255 -1 -1 24 1 #"\0"
0 -1 1 #"\0"
1.0 0 -1 -1 -1 -1 -1 -1 0 0 0 0 1 0 0.0 0.0 0.0 0.0 0.0 0.0 0 0 0 255
255 255 -1 -1 15 1 #"\0"
0 -1 1 #"\0"
1.0 0 -1 -1 -1 -1 -1 -1 0 0 0 0 1 0 0.0 0.0 0.0 0.0 0.0 0.0 0 0 0 255
255 255 -1 -1 14 1 #"\0"
0 -1 1 #"\0"
1.0 0 -1 -1 -1 -1 -1 -1 0 0 0 0 1 0 0.0 0.0 0.0 0.0 0.0 0.0 0 0 0 255
255 255 -1 -1 17 1 #"\0"
0 -1 1 #"\0"
1.0 0 -1 -1 -1 -1 -1 -1 0 0 0 0 1 0 0.0 0.0 0.0 0.0 0.0 0.0 0 0 0 255
255 255 -1 -1 44 1 #"\0"
0 -1 1 #"\0"
1.0 0 -1 -1 -1 -1 -1 -1 0 0 0 0 1 0 0.0 0.0 0.0 0.0 0.0 0.0 0 0 0 255
255 255 -1 -1 46 1 #"\0"
0 -1 1 #"\0"
1.0 0 -1 -1 -1 -1 -1 -1 0 0 0 0 1 0 0.0 0.0 0.0 0.0 0.0 0.0 0 0 0 255
255 255 -1 -1 2 1 #"\0"
0 -1 1 #"\0"
1.0 0 -1 -1 -1 -1 -1 -1 1 0 0 0 0 0 1.0 1.0 1.0 1.0 1.0 1.0 0 0 0 0 0 0
-1 -1 2 1 #"\0"
0 -1 1 #"\0"
1.0 0 -1 -1 -1 -1 -1 -1 1 0 0 0 0 0 0.0 0.0 0.0 1.0 1.0 1.0 65 105 225 0
0 0 -1 -1 21 1 #"\0"
0 -1 1 #"\0"
1.0 0 -1 -1 -1 -1 -1 -1 0 0 0 0 1 0 0.0 0.0 0.0 0.0 0.0 0.0 0 0 0 255
255 255 -1 -1 2 1 #"\0"
0 -1 1 #"\0"
1 0 -1 -1 -1 -1 -1 -1 0 0 0 0 0 0 0 0 0 1 1 1 200 0 0 0 0 0 -1 -1
          0 569 0 17 3 85
(
 #";; The first three lines of this file were inserted by DrRacket. The"
 #"y record metadata"
) 0 0 24 29 1 #"\n"
0 0 17 3 85
(
 #";; about the language level of this file in a form that our tools ca"
 #"n easily process."
) 0 0 24 29 1 #"\n"
0 0 26 3 7 #"#reader"
0 0 24 3 1 #"("
0 0 14 3 3 #"lib"
0 0 24 3 1 #" "
0 0 19 3 25 #"\"htdp-beginner-reader.ss\""
0 0 24 3 1 #" "
0 0 19 3 6 #"\"lang\""
0 0 24 3 3 #")(("
0 0 14 3 7 #"modname"
0 0 24 3 1 #" "
0 0 14 3 10 #"Exercise47"
0 0 24 3 3 #") ("
0 0 14 3 19 #"read-case-sensitive"
0 0 24 3 1 #" "
0 0 21 3 2 #"#t"
0 0 24 3 3 #") ("
0 0 14 3 10 #"teachpacks"
0 0 24 3 6 #" ()) ("
0 0 14 3 13 #"htdp-settings"
0 0 24 3 3 #" #("
0 0 21 3 2 #"#t"
0 0 24 3 1 #" "
0 0 14 3 11 #"constructor"
0 0 24 3 1 #" "
0 0 14 3 17 #"repeating-decimal"
0 0 24 3 1 #" "
0 0 21 3 2 #"#f"
0 0 24 3 1 #" "
0 0 21 3 2 #"#t"
0 0 24 3 1 #" "
0 0 14 3 4 #"none"
0 0 24 3 1 #" "
0 0 21 3 2 #"#f"
0 0 24 3 4 #" () "
0 0 21 3 2 #"#f"
0 0 24 3 3 #")))"
0 0 24 29 1 #"\n"
0 0 17 3 26 #"; Exercise 47 - guage-prog"
0 0 24 29 1 #"\n"
0 0 24 3 1 #"("
0 0 15 3 7 #"require"
0 0 24 3 1 #" "
0 0 14 3 11 #"2htdp/image"
0 0 24 3 1 #")"
0 0 24 29 1 #"\n"
0 0 24 3 1 #"("
0 0 15 3 7 #"require"
0 0 24 3 1 #" "
0 0 14 3 14 #"2htdp/universe"
0 0 24 3 1 #")"
0 0 24 29 1 #"\n"
0 0 24 29 1 #"\n"
0 0 17 3 11 #"; CONSTANTS"
0 0 24 29 1 #"\n"
0 0 24 3 1 #"("
0 0 15 3 6 #"define"
0 0 24 3 1 #" "
0 0 14 3 18 #"MAX-HAPINESS-LEVEL"
0 0 24 3 1 #" "
0 0 21 3 3 #"100"
0 0 24 3 2 #") "
0 0 17 3 24 #"; default hapiness level"
0 0 24 29 1 #"\n"
0 0 24 3 1 #"("
0 0 15 3 6 #"define"
0 0 24 3 1 #" "
0 0 14 3 12 #"MIN-HAPINESS"
0 0 24 3 1 #" "
0 0 21 3 1 #"0"
0 0 24 3 2 #") "
0 0 17 3 13 #"; 0% hapiness"
0 0 24 29 1 #"\n"
0 0 24 3 1 #"("
0 0 15 3 6 #"define"
0 0 24 3 1 #" "
0 0 14 3 18 #"TICK-HEALTH-FACTOR"
0 0 24 3 1 #" "
0 0 21 3 4 #"-0.1"
0 0 24 3 2 #") "
0 0 17 3 14 #"; 10% decrease"
0 0 24 29 1 #"\n"
0 0 24 3 1 #"("
0 0 15 3 6 #"define"
0 0 24 3 1 #" "
0 0 14 3 17 #"DOWN-ARROW-FACTOR"
0 0 24 3 2 #" ("
0 0 14 3 1 #"+"
0 0 24 3 1 #" "
0 0 21 3 1 #"1"
0 0 24 3 1 #" "
0 0 21 3 3 #"1/5"
0 0 24 3 3 #")) "
0 0 17 3 21 #"; 1/5 factor increase"
0 0 24 29 1 #"\n"
0 0 24 3 1 #"("
0 0 15 3 6 #"define"
0 0 24 3 1 #" "
0 0 14 3 15 #"UP-ARROW-FACTOR"
0 0 24 3 2 #" ("
0 0 14 3 1 #"+"
0 0 24 3 1 #" "
0 0 21 3 1 #"1"
0 0 24 3 1 #" "
0 0 21 3 3 #"1/3"
0 0 24 3 4 #"))  "
0 0 17 3 21 #"; 1/3 factor increase"
0 0 24 29 1 #"\n"
0 0 24 29 1 #"\n"
0 0 17 3 20 #"; CONSTANTS GRAPHICS"
0 0 24 29 1 #"\n"
0 0 24 3 1 #"("
0 0 15 3 6 #"define"
0 0 24 3 1 #" "
0 0 14 3 11 #"SCENE-WIDTH"
0 0 24 3 1 #" "
0 0 21 3 3 #"250"
0 0 24 3 1 #")"
0 0 24 29 1 #"\n"
0 0 24 3 1 #"("
0 0 15 3 6 #"define"
0 0 24 3 1 #" "
0 0 14 3 7 #"PEN-NIB"
0 0 24 3 1 #" "
0 0 21 3 1 #"3"
0 0 24 3 1 #")"
0 0 24 29 1 #"\n"
0 0 24 3 1 #"("
0 0 15 3 6 #"define"
0 0 24 3 1 #" "
0 0 14 3 9 #"BLACK-PEN"
0 0 24 3 2 #" ("
0 0 14 3 3 #"pen"
0 0 24 3 1 #" "
0 0 19 3 7 #"\"black\""
0 0 24 3 1 #" "
0 0 14 3 7 #"PEN-NIB"
0 0 24 3 1 #" "
0 0 19 3 7 #"\"solid\""
0 0 24 3 1 #" "
0 0 19 3 7 #"\"round\""
0 0 24 3 1 #" "
0 0 19 3 7 #"\"miter\""
0 0 24 3 2 #"))"
0 0 24 29 1 #"\n"
0 0 24 3 1 #"("
0 0 15 3 6 #"define"
0 0 24 3 1 #" "
0 0 14 3 11 #"GUAGE-WIDTH"
0 0 24 3 2 #" ("
0 0 14 3 1 #"-"
0 0 24 3 1 #" "
0 0 14 3 11 #"SCENE-WIDTH"
0 0 24 29 1 #"\n"
0 0 24 3 24 #"                       ("
0 0 14 3 1 #"*"
0 0 24 3 1 #" "
0 0 14 3 7 #"PEN-NIB"
0 0 24 3 1 #" "
0 0 21 3 1 #"2"
0 0 24 3 3 #")))"
0 0 24 29 1 #"\n"
0 0 24 3 1 #"("
0 0 15 3 6 #"define"
0 0 24 3 1 #" "
0 0 14 3 12 #"GUAGE-HEIGHT"
0 0 24 3 2 #" ("
0 0 14 3 1 #"-"
0 0 24 3 2 #" ("
0 0 14 3 1 #"*"
0 0 24 3 1 #" "
0 0 21 3 3 #"1/6"
0 0 24 3 1 #" "
0 0 14 3 11 #"SCENE-WIDTH"
0 0 24 3 1 #")"
0 0 24 29 1 #"\n"
0 0 24 3 25 #"                        ("
0 0 14 3 1 #"*"
0 0 24 3 1 #" "
0 0 14 3 7 #"PEN-NIB"
0 0 24 3 1 #" "
0 0 21 3 1 #"2"
0 0 24 3 3 #")))"
0 0 24 29 1 #"\n"
0 0 24 29 1 #"\n"
0 0 17 3 18 #"; Graphic Elements"
0 0 24 29 1 #"\n"
0 0 24 3 1 #"("
0 0 15 3 6 #"define"
0 0 24 3 1 #" "
0 0 14 3 16 #"GUAGE-BACKGROUND"
0 0 24 29 1 #"\n"
0 0 24 3 3 #"  ("
0 0 14 3 9 #"rectangle"
0 0 24 29 1 #"\n"
0 0 24 3 3 #"   "
0 0 14 3 11 #"GUAGE-WIDTH"
0 0 24 29 1 #"\n"
0 0 24 3 3 #"   "
0 0 14 3 12 #"GUAGE-HEIGHT"
0 0 24 29 1 #"\n"
0 0 24 3 3 #"   "
0 0 19 3 7 #"\"solid\""
0 0 24 29 1 #"\n"
0 0 24 3 3 #"   "
0 0 19 3 6 #"\"gray\""
0 0 24 3 2 #"))"
0 0 24 29 1 #"\n"
0 0 24 29 1 #"\n"
0 0 24 3 1 #"("
0 0 15 3 6 #"define"
0 0 24 3 1 #" "
0 0 14 3 6 #"BORDER"
0 0 24 29 1 #"\n"
0 0 24 3 3 #"  ("
0 0 14 3 9 #"rectangle"
0 0 24 29 1 #"\n"
0 0 24 3 3 #"   "
0 0 14 3 11 #"GUAGE-WIDTH"
0 0 24 3 1 #" "
0 0 24 29 1 #"\n"
0 0 24 3 3 #"   "
0 0 14 3 12 #"GUAGE-HEIGHT"
0 0 24 29 1 #"\n"
0 0 24 3 3 #"   "
0 0 19 3 9 #"\"outline\""
0 0 24 29 1 #"\n"
0 0 24 3 3 #"   "
0 0 14 3 9 #"BLACK-PEN"
0 0 24 3 2 #"))"
0 0 24 29 1 #"\n"
0 0 24 29 1 #"\n"
0 0 17 3 17 #"; GRAPHIC HELPERS"
0 0 24 29 1 #"\n"
0 0 24 29 1 #"\n"
0 0 17 3 15 #"; indicator-bar"
0 0 24 29 1 #"\n"
0 0 17 3 17 #"; Number -> Image"
0 0 24 29 1 #"\n"
0 0 17 3 73
(
 #"; calulates indicator image for a given health level percentage [0 -"
 #" 100]"
) 0 0 24 29 1 #"\n"
0 0 24 3 1 #"("
0 0 15 3 6 #"define"
0 0 24 3 2 #" ("
0 0 14 3 13 #"indicator-bar"
0 0 24 3 1 #" "
0 0 14 3 5 #"level"
0 0 24 3 1 #")"
0 0 24 29 1 #"\n"
0 0 24 3 3 #"  ("
0 0 14 3 9 #"rectangle"
0 0 24 3 2 #" ("
0 0 14 3 1 #"*"
0 0 24 3 1 #" "
0 0 14 3 11 #"GUAGE-WIDTH"
0 0 24 3 2 #" ("
0 0 14 3 1 #"/"
0 0 24 3 1 #" "
0 0 14 3 5 #"level"
0 0 24 3 1 #" "
0 0 21 3 3 #"100"
0 0 24 3 2 #"))"
0 0 24 29 1 #"\n"
0 0 24 3 13 #"             "
0 0 14 3 12 #"GUAGE-HEIGHT"
0 0 24 3 1 #" "
0 0 19 3 7 #"\"solid\""
0 0 24 3 1 #" "
0 0 19 3 5 #"\"red\""
0 0 24 3 2 #"))"
0 0 24 29 1 #"\n"
0 0 24 29 1 #"\n"
0 0 17 3 17 #"; Number -> Image"
0 0 24 29 1 #"\n"
0 0 17 3 61
#"; computes guage image for a given level percentage [0 - 100]"
0 0 24 29 1 #"\n"
0 0 24 3 1 #"("
0 0 15 3 6 #"define"
0 0 24 3 2 #" ("
0 0 14 3 10 #"draw-guage"
0 0 24 3 1 #" "
0 0 14 3 5 #"level"
0 0 24 3 1 #")"
0 0 24 29 1 #"\n"
0 0 24 3 3 #"  ("
0 0 14 3 13 #"overlay/align"
0 0 24 29 1 #"\n"
0 0 24 3 3 #"   "
0 0 19 3 6 #"\"left\""
0 0 24 3 1 #" "
0 0 19 3 5 #"\"top\""
0 0 24 29 1 #"\n"
0 0 24 3 3 #"   "
0 0 14 3 6 #"BORDER"
0 0 24 29 1 #"\n"
0 0 24 3 4 #"   ("
0 0 14 3 13 #"indicator-bar"
0 0 24 3 1 #" "
0 0 14 3 5 #"level"
0 0 24 3 1 #")"
0 0 24 29 1 #"\n"
0 0 24 3 3 #"   "
0 0 14 3 16 #"GUAGE-BACKGROUND"
0 0 24 29 1 #"\n"
0 0 24 3 5 #"   ))"
0 0 24 29 1 #"\n"
0 0 24 29 1 #"\n"
0 0 17 3 6 #"; DATA"
0 0 24 29 1 #"\n"
0 0 24 29 1 #"\n"
0 0 17 3 73
(
 #"; WorldState: data that represents the number of ticks since world s"
 #"tart."
) 0 0 24 29 1 #"\n"
0 0 24 29 1 #"\n"
0 0 17 3 11 #"; VARIABLES"
0 0 24 29 1 #"\n"
0 0 24 29 1 #"\n"
0 0 24 3 1 #"("
0 0 15 3 6 #"define"
0 0 24 3 1 #" "
0 0 14 3 6 #"HEALTH"
0 0 24 3 1 #" "
0 0 14 3 18 #"MAX-HAPINESS-LEVEL"
0 0 24 3 1 #")"
0 0 24 29 1 #"\n"
0 0 24 29 1 #"\n"
0 0 17 3 11 #"; FUNCTIONS"
0 0 24 29 1 #"\n"
0 0 24 29 1 #"\n"
0 0 17 3 14 #"; guage-render"
0 0 24 29 1 #"\n"
0 0 17 3 21 #"; WorldState -> Image"
0 0 24 29 1 #"\n"
0 0 17 3 56 #"; when needed, big-bang obtains the image of the current"
0 0 24 29 1 #"\n"
0 0 17 3 45 #"; state of the world by evaluating render(cw)"
0 0 24 29 1 #"\n"
0 9          97 21           0 0           0 15 0 24 3 1 #"("
0 0 15 3 6 #"define"
0 0 24 3 2 #" ("
0 0 14 3 12 #"guage-render"
0 0 24 3 1 #" "
0 0 14 3 2 #"ws"
0 0 24 3 1 #")"
0 0 24 29 1 #"\n"
0 0 24 3 3 #"  ("
0 0 14 3 11 #"empty-scene"
0 0 24 3 1 #" "
0 0 21 3 3 #"100"
0 0 24 3 1 #" "
0 0 21 3 3 #"100"
0 0 24 3 2 #"))"
0           0 0 0 24 29 1 #"\n"
0 0 24 3 1 #"("
0 0 15 3 6 #"define"
0 0 24 3 2 #" ("
0 0 14 3 15 #"guage-render.v1"
0 0 24 3 1 #" "
0 0 14 3 2 #"ws"
0 0 24 3 1 #")"
0 0 24 29 1 #"\n"
0 0 24 3 4 #"   ("
0 0 14 3 10 #"draw-guage"
0 0 24 3 1 #" "
0 0 14 3 2 #"ws"
0 0 24 3 2 #"))"
0 0 24 29 1 #"\n"
0 0 24 29 1 #"\n"
0 0 24 3 1 #"("
0 0 15 3 6 #"define"
0 0 24 3 2 #" ("
0 0 14 3 15 #"guage-render.v2"
0 0 24 3 1 #" "
0 0 14 3 2 #"ws"
0 0 24 3 1 #")"
0 0 24 29 1 #"\n"
0 0 24 3 3 #"  ("
0 0 14 3 7 #"overlay"
0 0 24 29 1 #"\n"
0 0 24 3 4 #"   ("
0 0 14 3 4 #"text"
0 0 24 3 2 #" ("
0 0 14 3 14 #"number->string"
0 0 24 3 2 #" ("
0 0 14 3 5 #"round"
0 0 24 3 1 #" "
0 0 14 3 2 #"ws"
0 0 24 3 2 #"))"
0 0 24 29 1 #"\n"
0 0 24 3 10 #"         ("
0 0 14 3 5 #"round"
0 0 24 3 2 #" ("
0 0 14 3 1 #"/"
0 0 24 3 1 #" "
0 0 14 3 12 #"GUAGE-HEIGHT"
0 0 24 3 1 #" "
0 0 21 3 1 #"2"
0 0 24 3 3 #")) "
0 0 17 3 11 #"; font-size"
0 0 24 29 1 #"\n"
0 0 24 3 9 #"         "
0 0 19 3 7 #"\"white\""
0 0 24 3 1 #")"
0 0 24 29 1 #"\n"
0 0 24 3 4 #"   ("
0 0 14 3 10 #"draw-guage"
0 0 24 3 1 #" "
0 0 14 3 2 #"ws"
0 0 24 3 3 #")))"
0 0 24 29 1 #"\n"
0 0 24 29 1 #"\n"
0 0 17 3 26 #"; guage-clock-tick-handler"
0 0 24 29 1 #"\n"
0 0 17 3 26 #"; WorldState -> WorldState"
0 0 24 29 1 #"\n"
0 0 17 3 55 #"; for each tick of the clock, big-bang obtains the next"
0 0 24 29 1 #"\n"
0 0 17 3 49 #"; state of the world from (clock-tick-handler cw)"
0 0 24 29 1 #"\n"
0 0 17 3 41 #"; on each tick decrement HAPINESS by -0.1"
0 0 24 29 1 #"\n"
0 0 17 3 51 #"; unless cw is at MIN-HAPINESS then is MIN-HAPINESS"
0 0 24 29 1 #"\n"
0 0 17 3 51 #"; unless cw is at MAX-HAPINESS then is MAX-HAPINESS"
0 0 24 29 1 #"\n"
0 9          73 21           0 0           0 11 0 24 3 1 #"("
0 0 15 3 6 #"define"
0 0 24 3 2 #" ("
0 0 14 3 24 #"guage-clock-tick-handler"
0 0 24 3 1 #" "
0 0 14 3 2 #"cw"
0 0 24 3 1 #")"
0 0 24 29 1 #"\n"
0 0 24 3 2 #"  "
0 0 14 3 2 #"cw"
0 0 24 3 1 #")"
0           0 0 0 24 29 1 #"\n"
0 0 24 3 1 #"("
0 0 15 3 6 #"define"
0 0 24 3 2 #" ("
0 0 14 3 24 #"guage-clock-tick-handler"
0 0 24 3 1 #" "
0 0 14 3 2 #"cw"
0 0 24 3 1 #")"
0 0 24 29 1 #"\n"
0 0 24 3 3 #"  ("
0 0 15 3 4 #"cond"
0 0 24 29 1 #"\n"
0 0 24 3 6 #"    [("
0 0 14 3 2 #"<="
0 0 24 3 1 #" "
0 0 14 3 2 #"cw"
0 0 24 3 1 #" "
0 0 14 3 12 #"MIN-HAPINESS"
0 0 24 3 2 #") "
0 0 14 3 12 #"MIN-HAPINESS"
0 0 24 3 1 #"]"
0 0 24 29 1 #"\n"
0 0 24 3 6 #"    [("
0 0 14 3 1 #">"
0 0 24 3 1 #" "
0 0 14 3 2 #"cw"
0 0 24 3 1 #" "
0 0 14 3 18 #"MAX-HAPINESS-LEVEL"
0 0 24 3 2 #") "
0 0 14 3 18 #"MAX-HAPINESS-LEVEL"
0 0 24 3 1 #"]"
0 0 24 29 1 #"\n"
0 0 24 3 5 #"    ["
0 0 14 3 4 #"else"
0 0 24 3 2 #" ("
0 0 14 3 1 #"+"
0 0 24 3 1 #" "
0 0 14 3 2 #"cw"
0 0 24 3 1 #" "
0 0 14 3 18 #"TICK-HEALTH-FACTOR"
0 0 24 3 4 #")]))"
0 0 24 29 1 #"\n"
0 0 24 29 1 #"\n"
0 0 17 3 19 #"; guage-key-handler"
0 0 24 29 1 #"\n"
0 0 17 3 33 #"; WorldState String -> WorldState"
0 0 24 29 1 #"\n"
0 0 17 3 53 #"; for each keystroke, big-bang obtains the next state"
0 0 24 29 1 #"\n"
0 0 17 3 61
#"; from (keystroke-handler cw ke); where ke represents the key"
0 0 24 29 1 #"\n"
0 0 17 3 20 #"; given: \"up\" for ke"
0 0 24 29 1 #"\n"
0 0 17 3 54 #"; expect: HAPINESS to be multiplied by UP-ARROW-FACTOR"
0 0 24 29 1 #"\n"
0 0 17 3 21 #"; given \"down\" for ke"
0 0 24 29 1 #"\n"
0 0 17 3 56 #"; expect: HAPINESS to be multiplied by DOWN-ARROW-FACTOR"
0 0 24 29 1 #"\n"
0 9          85 21           0 0           0 13 0 24 3 1 #"("
0 0 15 3 6 #"define"
0 0 24 3 2 #" ("
0 0 14 3 17 #"guage-key-handler"
0 0 24 3 1 #" "
0 0 14 3 2 #"ws"
0 0 24 3 1 #" "
0 0 14 3 2 #"ke"
0 0 24 3 1 #")"
0 0 24 29 1 #"\n"
0 0 24 3 2 #"  "
0 0 14 3 2 #"ws"
0 0 24 3 1 #")"
0           0 0 0 24 29 1 #"\n"
0 0 24 3 1 #"("
0 0 15 3 6 #"define"
0 0 24 3 2 #" ("
0 0 14 3 17 #"guage-key-handler"
0 0 24 3 1 #" "
0 0 14 3 2 #"ws"
0 0 24 3 1 #" "
0 0 14 3 2 #"ke"
0 0 24 3 1 #")"
0 0 24 29 1 #"\n"
0 0 24 3 3 #"  ("
0 0 15 3 4 #"cond"
0 0 24 29 1 #"\n"
0 0 24 3 6 #"    [("
0 0 14 3 8 #"string=?"
0 0 24 3 1 #" "
0 0 14 3 2 #"ke"
0 0 24 3 1 #" "
0 0 19 3 4 #"\"up\""
0 0 24 3 3 #") ("
0 0 14 3 1 #"*"
0 0 24 3 1 #" "
0 0 14 3 2 #"ws"
0 0 24 3 1 #" "
0 0 14 3 15 #"UP-ARROW-FACTOR"
0 0 24 3 2 #")]"
0 0 24 29 1 #"\n"
0 0 24 3 6 #"    [("
0 0 14 3 8 #"string=?"
0 0 24 3 1 #" "
0 0 14 3 2 #"ke"
0 0 24 3 1 #" "
0 0 19 3 6 #"\"down\""
0 0 24 3 3 #") ("
0 0 14 3 1 #"*"
0 0 24 3 1 #" "
0 0 14 3 2 #"ws"
0 0 24 3 1 #" "
0 0 14 3 17 #"DOWN-ARROW-FACTOR"
0 0 24 3 2 #")]"
0 0 24 29 1 #"\n"
0 0 24 3 5 #"    ["
0 0 14 3 4 #"else"
0 0 24 3 1 #" "
0 0 14 3 2 #"ws"
0 0 24 3 3 #"]))"
0 0 24 29 1 #"\n"
0 0 24 3 6 #"      "
0 0 24 29 1 #"\n"
0 0 17 3 7 #"; main:"
0 0 24 29 1 #"\n"
0 0 17 3 26 #"; WorldState -> WorldState"
0 0 24 29 1 #"\n"
0 0 17 3 44 #"; evaluating big-bang with ws to start world"
0 0 24 29 1 #"\n"
0 0 24 3 1 #"("
0 0 15 3 6 #"define"
0 0 24 3 2 #" ("
0 0 14 3 4 #"main"
0 0 24 3 1 #" "
0 0 14 3 2 #"ws"
0 0 24 3 1 #")"
0 0 24 29 1 #"\n"
0 0 24 3 3 #"  ("
0 0 15 3 8 #"big-bang"
0 0 24 3 1 #" "
0 0 14 3 2 #"ws"
0 0 24 29 1 #"\n"
0 0 24 3 5 #"    ["
0 0 14 3 7 #"on-draw"
0 0 24 3 1 #" "
0 0 14 3 10 #"draw-guage"
0 0 24 3 1 #"]"
0 0 24 29 1 #"\n"
0 0 24 3 5 #"    ["
0 0 14 3 7 #"on-tick"
0 0 24 3 1 #" "
0 0 14 3 24 #"guage-clock-tick-handler"
0 0 24 3 1 #"]"
0 0 24 29 1 #"\n"
0 0 24 3 5 #"    ["
0 0 14 3 6 #"on-key"
0 0 24 3 1 #" "
0 0 14 3 17 #"guage-key-handler"
0 0 24 3 3 #"]))"
0 0 24 29 1 #"\n"
0 0 24 29 1 #"\n"
0 0 17 3 24 #"; start guage-prog world"
0 0 24 29 1 #"\n"
0 0 24 3 1 #"("
0 0 14 3 4 #"main"
0 0 24 3 1 #" "
0 0 14 3 18 #"MAX-HAPINESS-LEVEL"
0 0 24 3 1 #")"
0           0
